7 58 25 77
8 32 11 24 0 37 93
9 90 50 43 12 52 72 69
10 5 75 93 8 32 57
13 6 61 15 51 97 34
17 19 45 74
18 65 63 4
19 28 7 77 78 59 17
20 42 62 53
26 70 76 35 67 86
31 55 46 21 27 83 86 67
32 57 92 16 40 11
33 60 40 11 24 82
35 76 91 84
44 87 64 22 26 70
47 49 59 78 5 10
50 90 64 22
50 22 26 86 83 43
53 88 84 35 67 31 55 20
58 25 75 93 37 79 2 54 14 72 69 9 90 64 87 41 28 7
59 17 74 68 96 46 21 29 1 49
62 39 80 60 33 82 94 34 13 6 61 45 74 68 96 46 55 20 42
62 39 89 56 88 53
66 54 14 65 63 85 48
71 73 92 57 10 47 49 1 29 36
75 25 77 78 5
81 12 43 83 27 21 29 36
81 36 71 73 30 95 18 65 14 72 52 12
89 39 80 60 40 16 92 73 30 95 18 4 38 56
91 84 88 56 38 4 63 85 48 66 54 2 79 37 0 24 82 94 34 97 51 15 61 45 19 28 41 87 44 70 76
