# ID, x, y
0, 0.171, 62.275
214, 2.806, 63.695
165, 49.784, 16.695
222, 3.589, 59.332
205, 79.835, 16.498
43, 54.883, 17.516
206, 4.835, 12.595
223, 56.008, 13.903
1, 42.996, 46.906
207, 40.117, 45.799
108, 46.568, 46.578
2, 12.034, 75.370
133, 12.597, 71.765
12, 8.579, 74.421
166, 14.716, 77.808
3, 43.448, 39.855
105, 44.082, 36.490
229, 42.148, 42.928
4, 71.945, 30.717
198, 74.813, 31.479
201, 20.602, 80.631
242, 70.782, 27.995
5, 7.496, 7.535
58, 8.132, 11.130
72, 5.850, 4.655
6, 1.303, 30.527
197, 79.711, 32.104
7, 18.070, 13.844
83, 21.184, 15.724
55, 14.791, 12.449
8, 39.290, 26.846
10, 39.730, 23.882
213, 37.968, 79.058
235, 43.039, 74.446
9, 45.008, 71.405
179, 48.648, 71.097
174, 43.493, 68.097
36, 40.833, 20.084
11, 7.918, 27.898
107, 4.611, 25.996
54, 8.643, 31.707
168, 11.123, 26.404
157, 5.038, 30.024
113, 5.438, 72.610
13, 22.598, 42.516
27, 21.004, 45.739
230, 23.530, 38.970
14, 70.747, 24.984
118, 73.731, 24.995
181, 69.197, 23.863
190, 70.395, 72.400
15, 57.837, 5.857
177, 59.115, 3.146
159, 54.173, 7.006
138, 55.706, 60.916
94, 59.386, 56.006
135, 59.398, 9.632
28, 52.553, 58.102
158, 57.396, 52.860
29, 53.898, 53.813
16, 37.329, 20.238
203, 33.683, 20.045
17, 13.254, 19.927
176, 16.176, 20.656
155, 10.370, 19.000
18, 27.971, 20.539
188, 28.723, 24.461
65, 29.970, 69.513
19, 25.347, 59.384
109, 21.809, 58.532
161, 28.994, 59.370
20, 57.442, 72.462
210, 59.481, 70.266
21, 77.554, 46.406
73, 77.457, 43.099
78, 76.373, 49.660
22, 36.638, 44.997
92, 33.157, 45.532
23, 61.673, 32.610
124, 64.341, 31.304
33, 62.241, 80.197
48, 57.751, 31.612
77, 61.725, 36.549
24, 34.243, 33.787
238, 36.410, 36.420
219, 33.739, 30.273
25, 44.558, 25.943
172, 44.852, 29.463
70, 42.971, 22.769
26, 37.546, 4.022
63, 40.850, 4.083
101, 34.973, 6.427
131, 17.441, 45.079
86, 22.366, 49.112
151, 50.148, 6.776
61, 3.211, 49.929
30, 81.513, 75.507
49, 80.087, 78.171
129, 1.932, 73.645
215, 30.636, 72.428
106, 79.144, 72.170
31, 52.282, 70.882
175, 53.588, 74.233
196, 53.804, 67.568
32, 67.248, 22.391
232, 66.265, 19.217
91, 67.355, 25.976
67, 67.195, 28.976
34, 62.848, 9.481
126, 63.621, 12.344
35, 65.591, 68.441
89, 69.485, 69.047
134, 61.579, 68.129
221, 41.777, 16.232
37, 12.428, 46.162
114, 59.934, 0.259
150, 14.359, 43.506
38, 21.085, 8.730
218, 15.368, 55.772
39, 29.849, 44.448
116, 27.102, 43.226
40, 44.278, 5.146
115, 46.689, 2.479
47, 47.157, 6.459
41, 66.100, 40.685
243, 62.540, 40.411
237, 69.089, 41.081
42, 74.586, 81.998
182, 71.156, 82.281
239, 78.762, 32.446
44, 52.098, 40.357
100, 48.627, 39.950
195, 55.528, 40.311
45, 42.905, 65.161
76, 38.806, 64.685
212, 42.217, 61.128
46, 58.123, 49.945
154, 54.954, 30.493
50, 32.222, 41.699
93, 30.635, 38.627
51, 41.805, 57.580
187, 38.697, 56.483
52, 23.822, 52.275
145, 22.734, 55.671
209, 27.330, 51.733
53, 81.053, 2.987
202, 82.034, 55.443
120, 8.774, 34.700
220, 15.769, 9.149
180, 11.569, 12.236
56, 6.342, 18.438
147, 2.975, 18.125
57, 49.312, 48.926
59, 72.993, 9.674
123, 73.049, 6.364
236, 72.358, 13.272
60, 13.579, 2.078
156, 61.894, 2.084
84, 1.352, 52.262
153, 7.271, 49.470
132, 55.275, 47.992
62, 18.696, 53.535
228, 21.353, 52.085
64, 32.902, 8.589
68, 75.287, 15.425
102, 24.763, 15.562
127, 26.689, 67.560
98, 32.698, 66.475
234, 78.123, 20.895
66, 8.458, 60.450
82, 59.752, 12.563
224, 4.988, 59.867
208, 68.238, 80.235
69, 38.427, 38.653
71, 31.638, 13.705
191, 32.590, 16.570
173, 2.319, 4.502
241, 77.433, 39.779
74, 49.412, 82.571
240, 51.431, 80.366
75, 36.103, 81.404
146, 35.008, 63.798
216, 75.897, 53.252
79, 5.261, 43.625
231, 7.243, 41.316
80, 23.771, 66.937
81, 18.875, 57.619
164, 14.120, 58.505
142, 12.643, 64.884
217, 20.992, 19.341
85, 78.037, 36.442
87, 53.670, 77.622
88, 47.471, 43.059
233, 71.674, 66.331
112, 73.401, 69.119
90, 61.083, 17.332
95, 64.963, 15.768
122, 32.729, 49.427
227, 27.131, 38.447
119, 62.315, 55.462
189, 68.896, 14.446
96, 33.295, 27.315
97, 17.683, 83.017
185, 18.106, 2.892
99, 14.544, 25.609
225, 17.916, 24.619
103, 73.894, 64.352
104, 73.150, 55.457
186, 44.740, 33.019
130, 76.814, 69.475
169, 1.227, 25.391
110, 47.295, 18.318
111, 64.842, 1.495
125, 68.352, 1.242
162, 5.900, 69.000
178, 12.955, 52.433
149, 48.437, 0.016
117, 70.931, 3.525
121, 9.406, 38.511
226, 12.648, 37.130
128, 34.839, 60.367
160, 35.288, 57.028
139, 58.261, 46.180
167, 59.255, 65.666
136, 55.617, 63.892
137, 16.518, 36.686
144, 20.404, 37.231
183, 15.473, 40.076
200, 14.922, 33.666
143, 60.755, 43.799
140, 80.849, 25.070
141, 30.483, 56.067
204, 31.493, 61.918
171, 0.484, 20.669
148, 31.085, 22.589
152, 21.184, 23.004
199, 24.640, 24.077
192, 2.860, 32.095
163, 58.964, 40.284
170, 28.799, 28.421
211, 81.923, 23.143
184, 79.107, 54.844
194, 77.954, 28.578
193, 13.766, 30.925
